# Frame list with one line of data per frame:
#   FRAME_ID, RIG_ID, RIG_FROM_WORLD[QW, QX, QY, QZ, TX, TY, TZ], NUM_DATA_IDS, DATA_IDS[] as (SENSOR_TYPE, SENSOR_ID, DATA_ID)
# Number of frames: 100
1 1 -0.26130968550509448 0.049534510715914484 0.52579333930047845 0.80796345514918899 -0.11608342304801977 -1.5313513307036828 2.1133535150191922 1 CAMERA 1 1
2 1 -0.10738635152821673 0.047376447559874829 0.71570655097237734 0.6884677019419928 0.06854097626878683 -2.4542868572918022 3.039634642867465 1 CAMERA 1 2
3 1 -0.47265636078003681 0.19259449394644446 0.60260844607689701 0.61348707095787458 -0.40191110885081976 -2.4224273753796859 3.0386512408410988 1 CAMERA 1 3
4 1 0.41533731974808491 -0.10731446373584302 0.54121075740153057 0.72323539236574097 0.57347484374747437 -2.0866175004478658 2.647397142406188 1 CAMERA 1 4
5 1 0.87607298361030939 0.13285152933018124 0.10866146197601725 0.4505988073930039 0.35840857378478308 -0.74234751950927003 1.796327452017433 1 CAMERA 1 5
6 1 0.44808073171310919 -0.1781566654324741 0.60902798850978201 0.62973706389345951 0.59321164556527661 -2.5310011177263689 3.2929583075115421 1 CAMERA 1 6
7 1 0.64778150556584024 -0.14331858557027627 -0.42724031990711675 -0.61425126220680515 -0.54219088275444649 -1.8986942829955891 2.4514998856573778 1 CAMERA 1 7
8 1 0.073395259077613267 -0.037621966976631942 0.7568252090145593 0.64839287977722881 0.29716753294909265 -2.6340658155205285 3.4025449156326677 1 CAMERA 1 8
9 1 0.70417210115633311 -0.31652928411512399 0.46047007822453589 0.43808466226350795 0.5268601312724468 -2.778303289707285 3.9327596624617658 1 CAMERA 1 9
10 1 -0.31033080179542666 -0.045893020964342439 0.22446301460207943 0.92260770599400521 -0.18228031334141903 0.32979726175683804 1.7011056930809723 1 CAMERA 1 10
11 1 0.86223873031772036 -0.27476299174514135 0.27281392787184983 0.32653059744299306 0.31368217860062769 -2.675533607464021 3.5018835180095906 1 CAMERA 1 11
12 1 -0.20862410120816596 0.072437878278041448 0.64528447710899328 0.73132529136344915 -0.061034406670041952 -2.1700538401555933 2.6566446536931529 1 CAMERA 1 12
13 1 0.77932325674832847 0.041197230272554362 0.20559714518253827 0.5904979793376427 0.51867407243704644 -1.1041683018092843 1.9468276648407656 1 CAMERA 1 13
14 1 0.29709714256002895 -0.074668169946395094 0.56604748156657958 0.76534188497145161 0.49935005879678018 -1.973975436395246 2.514979538836299 1 CAMERA 1 14
15 1 0.7438382424095642 -0.42272771817558596 -0.40736353997431485 -0.31946970390744023 -0.60341858196263998 -2.8173925829293154 4.2372048149604549 1 CAMERA 1 15
16 1 -0.35252400561423686 0.17820506924225285 0.69436266831936255 0.60152328600518223 -0.27384837192726014 -2.6180609428197612 3.3605421107471067 1 CAMERA 1 16
17 1 0.92976207540058808 0.11857517929948885 0.089440333419893409 0.33687213710638586 0.2238802009127665 -0.94540343993964759 1.8440911928367898 1 CAMERA 1 17
18 1 0.79089876915898794 -0.25113543619130518 -0.35815444973616989 -0.42794336046488946 -0.60826007970564056 -2.4061056599315274 3.073505858729781 1 CAMERA 1 18
19 1 0.85396990461682332 -0.41078326488490008 -0.2374802029066351 -0.21353141344228332 -0.50972736581841616 -2.8158907361401604 4.1010621120598092 1 CAMERA 1 19
20 1 0.14142012256498682 -0.029114867941000971 0.54877008404282224 0.8234100243852488 0.36463773407721867 -1.6611959726511594 2.2264735880704563 1 CAMERA 1 20
21 1 -0.19153465880958556 0.059059757456577058 0.62199419665399691 0.75693436892019583 -0.035628798641850173 -2.0282151927844834 2.5084043149650306 1 CAMERA 1 21
22 1 0.13295939526995321 -0.056304030118925541 0.70327577881908954 0.69609973015956461 0.35958285201595053 -2.4531213288506235 3.0740307935019784 1 CAMERA 1 22
23 1 0.7069370226574353 -0.32894214028119961 -0.45993161430094082 -0.42485294457023004 -0.60325543636979195 -2.6765113211201328 3.6334570745543866 1 CAMERA 1 23
24 1 -0.33085504327254373 0.082258698155324009 0.55553012988964723 0.75838955801336438 -0.20939532899865651 -1.8100856191589545 2.3209086054565011 1 CAMERA 1 24
25 1 0.89284795425774055 -0.45000328030052605 -0.01383952567182547 -0.011315733547260304 -0.22366156093042205 -2.8888254328589569 4.4290344330662732 1 CAMERA 1 25
26 1 -0.30577309739109892 0.16278266584721102 0.72158081628119797 0.59943785514971359 -0.21534553653841285 -2.6616620774071795 3.4462168636261779 1 CAMERA 1 26
27 1 0.86014593226594838 -0.49184422260090521 0.10609680692038542 0.083556588380285138 -0.04165905695973339 -2.8940986665647825 4.772633085397576 1 CAMERA 1 27
28 1 0.038483841664671524 -0.008701269668375344 0.57215913950143149 0.81919301811103595 0.2508994519215702 -1.7169112854239665 2.2618249417414398 1 CAMERA 1 28
29 1 0.90463578703501679 -0.42501293119458949 0.023126988045471277 0.021523093570942023 -0.16836366387094109 -2.8819171776208785 4.2859293880619544 1 CAMERA 1 29
30 1 0.28854940279921937 -0.081486052618313598 0.58906183674307577 0.75040350336720407 0.49442033310196198 -2.0855987684778605 2.6260075595394188 1 CAMERA 1 30
31 1 -0.083025917398670934 -4.968221770687117e-05 0.36699506663237791 0.9265102890088609 0.10343723323142968 -0.45280941453848922 1.710528843841211 1 CAMERA 1 31
32 1 -0.0086895290664121376 0.00016038432218309879 0.2385028882819008 0.97110289807139616 0.18848769764122017 0.31268154174736124 1.6994466263208972 1 CAMERA 1 32
33 1 0.95960584753271783 0.019984162722936818 0.099881205590883274 0.26226131127367813 0.14195856808484544 -1.5231917316390886 2.1138952462358831 1 CAMERA 1 33
34 1 0.77693154624358363 -0.075474208186917399 -0.29230059469532249 -0.55248654163777855 -0.60293365702114377 -1.4987828946516324 2.1681133788716718 1 CAMERA 1 34
35 1 0.064074782706044872 -0.033711216382155226 0.76270405967134636 0.64268226478723989 0.28713460533946683 -2.6515108084204284 3.4401015666876327 1 CAMERA 1 35
36 1 0.94050745677012582 -0.043477416453765315 0.14176044127609005 0.30571132675696538 0.20679264395076408 -1.8219626681076528 2.3294978537908109 1 CAMERA 1 36
37 1 -0.44330921167847925 0.062356249211913926 0.4517538570873994 0.7716910610029668 -0.33371855980584814 -1.361462766453412 2.0369280665931466 1 CAMERA 1 37
38 1 0.77688630827288307 -0.24431914354859377 0.37027392980646956 0.44682551070802373 0.47976922412284945 -2.5883636534473982 3.3571414521078649 1 CAMERA 1 38
39 1 0.98135041400168144 -0.11414578187352957 0.073977359971871451 0.13582877320656797 -0.015983822242875267 -2.1446608001118292 2.6234859973976024 1 CAMERA 1 39
40 1 0.75106164443728274 -0.17021601416273216 0.36548958111632951 0.52282911249578234 0.53053871086865367 -2.3062229809208685 2.9006130705023967 1 CAMERA 1 40
41 1 0.23845629881510663 -0.084305308288061681 0.64496434021329152 0.72114645419851364 0.45884722704483077 -2.2963261625289748 2.8651649057507012 1 CAMERA 1 41
42 1 0.73918577693548615 -0.16227218933331516 -0.37207315330510099 -0.53743250025919864 -0.5965422530468274 -1.9943321357449146 2.5570229665388133 1 CAMERA 1 42
43 1 -0.3788449519663451 -0.011463768681282053 0.32395547525677082 0.86683212586313363 -0.25766241045960159 -0.38495225694693302 1.7135536572975414 1 CAMERA 1 43
44 1 0.91976347088457977 -0.074302419717779053 -0.17497894388669485 -0.34336085572867914 -0.55010942418375941 -1.7035999406673918 2.2926534947925026 1 CAMERA 1 44
45 1 0.30631479079077523 -0.063881974861006094 0.53361825801789442 0.78571107726734335 0.50311750561835344 -1.8060839292075666 2.3719372801732428 1 CAMERA 1 45
46 1 -0.38306248808353177 0.12614000276294673 0.59434832315433328 0.69577431735430573 -0.28410371472771762 -2.1423220721561615 2.6481056403570902 1 CAMERA 1 46
47 1 0.66668082650184235 -0.37665670615814595 0.50476535410175005 0.39859545729906598 0.53197368804249789 -2.8482971779348394 4.4392059175630134 1 CAMERA 1 47
48 1 0.089566497089562797 -0.030045723276154273 0.64933254614085401 0.7546140348775352 0.31079691672446286 -2.1642673913184569 2.6736093501392548 1 CAMERA 1 48
49 1 -0.32861999179652518 0.018813078294593742 0.40629593374144485 0.85239579028870194 -0.19738485850780835 -0.85450154806072298 1.8121084808842454 1 CAMERA 1 49
50 1 0.876829009369548 -0.015311841760716162 -0.19012959146870434 -0.44134699985142672 -0.59414104135830204 -1.2899636528897966 2.0476394032002179 1 CAMERA 1 50
51 1 0.1955903053351177 0.0041727231313627511 0.36015729727740653 0.91214787291229171 0.40198010801790163 -0.58413793815745263 1.765902355039163 1 CAMERA 1 51
52 1 0.53461158948856669 -0.26957627690342501 -0.60562258233336874 -0.52415681535515535 -0.48808346803228536 -2.6625132359579822 3.5370772720229815 1 CAMERA 1 52
53 1 0.9121809032063668 -0.25668323067514781 0.19625175506446541 0.25204159884809285 0.18621352274740627 -2.6298226238691176 3.3671293137255787 1 CAMERA 1 53
54 1 0.48165371852701117 0.090199317382780225 0.17832573725304066 0.85327235394447332 0.59290913569653181 0.059424379875498153 1.737257476088985 1 CAMERA 1 54
55 1 0.21655077200514675 -0.095531560493004708 0.70074357605229876 0.67300663051353571 0.44510147002868167 -2.5237319004426797 3.2220711354842391 1 CAMERA 1 55
56 1 0.83023877697912252 -0.220918244875525 -0.30947360089350795 -0.40758409271134982 -0.60182442847753947 -2.2938349362217734 2.9041433871578786 1 CAMERA 1 56
57 1 0.56424390989159978 -0.27874126854605119 0.58183743372583252 0.51516726999579066 0.60790887358371748 -2.7554849398705898 3.9120543783526651 1 CAMERA 1 57
58 1 0.92231505710594142 0.033042361541049531 -0.133788148461297 -0.36103167327916347 -0.55002190498919568 -1.1310155924954108 1.9635502614169276 1 CAMERA 1 58
59 1 0.95702840508719988 -0.28213721989764096 -0.042481181479290329 -0.05187070680841363 -0.27725543395722552 -2.6367049161320937 3.3977730174074714 1 CAMERA 1 59
60 1 0.84676558192528584 0.16393481268576487 0.099008651067825776 0.49629700127055448 0.40287144175717982 -0.4778543005676924 1.7431332151951453 1 CAMERA 1 60
61 1 0.97979368742082973 -0.091471959329636518 0.081633275429261479 0.15802917164049543 0.012700989472753488 -2.0537637525551942 2.5283470184207446 1 CAMERA 1 61
62 1 0.96026636123725584 -0.15153994434678381 -0.1216646268953198 -0.20030446651524406 -0.44447853483001498 -2.149974940015404 2.6798228009603045 1 CAMERA 1 62
63 1 0.94083756339147173 0.097487399879274531 -0.092653171420903527 -0.31102455851913952 -0.50904225290388416 -0.83812399785791247 1.8446028050624796 1 CAMERA 1 63
64 1 -0.11701029050528214 0.015811301456161806 0.49688346480429535 0.85974729837680242 0.066820020954166739 -1.257085236359007 1.9640601733232439 1 CAMERA 1 64
65 1 -0.028303471673326454 0.0069148755725576836 0.58248702088878912 0.81231765245078624 0.17224979107343372 -1.7552485394219031 2.2805954941514863 1 CAMERA 1 65
66 1 -0.024502170678852804 0.0090947048487139952 0.6758449293390919 0.7365803156902696 0.17604558117743485 -2.2537832997053755 2.7658976650168721 1 CAMERA 1 66
67 1 0.89106535997097147 -0.31533825843837338 -0.21806075386785878 -0.24292759136713568 -0.51259441678229811 -2.64378162197404 3.4993393006986868 1 CAMERA 1 67
68 1 0.86956505633125414 -0.43571993757895477 -0.17543508475871214 -0.15240498626855437 -0.44084977774006928 -2.8517514190465731 4.2780092339136875 1 CAMERA 1 68
69 1 -0.087151512038625728 0.0050919655892118481 0.42450467070778275 0.90120722943343967 0.099777101292247802 -0.80842221468926112 1.7921935170104537 1 CAMERA 1 69
70 1 0.72499560524400031 -0.40783089949428963 0.43485787744938909 0.34489702262382088 0.45354947931818818 -2.8648255038442696 4.5365224529516679 1 CAMERA 1 70
71 1 0.14192845024582063 -0.04252539611240444 0.61948736369953183 0.77089773116341875 0.36744511352650083 -2.0520714605344237 2.5645674791499791 1 CAMERA 1 71
72 1 -0.28513160522639408 0.14715456640246297 0.7208508854181942 0.61434477476391758 -0.18375162535838754 -2.6291370942117855 3.369276618141134 1 CAMERA 1 72
73 1 0.72172905809146104 -0.37462305085790593 -0.44436133080842116 -0.3759092232900067 -0.60723904127751771 -2.762693594247966 3.9344806516692432 1 CAMERA 1 73
74 1 0.30311983269930781 0.010719965345545186 0.33598559779504705 0.89169340439505262 0.48940267676880839 -0.59019081250450023 1.7852655154291746 1 CAMERA 1 74
75 1 0.80687221008592813 -0.32337722030223354 0.34361382092189241 0.35540674170886005 0.391892538489584 -2.7806896402460115 3.8489239793727617 1 CAMERA 1 75
76 1 0.92515432971671019 0.025386377291314433 0.13295452503055089 0.35463797361301902 0.26125975934345208 -1.4515559786469501 2.0812460243131778 1 CAMERA 1 76
77 1 0.92408242779987726 -0.19064400459850886 -0.18579515555665621 -0.27423838227681857 -0.51449349087621765 -2.2512420471881729 2.8190711257161452 1 CAMERA 1 77
78 1 -0.3035354731680146 0.11378652645876282 0.64309083740957773 0.69379609235348616 -0.18808373365841413 -2.2739884562771131 2.7916877922039722 1 CAMERA 1 78
79 1 0.99996623981928523 0.0051486016538129049 -0.0032562101442169819 -0.0055143647128838716 -0.20835883470290306 -1.5799237063058957 2.1509273521431655 1 CAMERA 1 79
80 1 0.91960143004624051 -0.36336732382326858 -0.10394997806541112 -0.10719981294118834 -0.36263400585124494 -2.7823554419636012 3.8391633599079671 1 CAMERA 1 80
81 1 0.81965177080895035 -0.30343508028004057 0.3284140495059335 0.35810939495119576 0.38210611950504453 -2.7415062866150399 3.7077156029504033 1 CAMERA 1 81
82 1 -0.062542645135830452 0.0075915339365861464 0.49537211908403772 0.86639324200162904 0.13506119392482394 -1.2405307434000037 1.9618483697657687 1 CAMERA 1 82
83 1 0.78956839996637695 -0.045493457061520894 0.26323391363893872 0.55246718802970984 0.5095945270078579 -1.6672717802070895 2.2603162435521669 1 CAMERA 1 83
84 1 -0.045605054435211761 0.012728688290493884 0.61087937086115296 0.79030662009162411 0.1510852173984833 -1.9113754301859569 2.4101572003869673 1 CAMERA 1 84
85 1 -0.074987818799675393 0.025902241307636617 0.65577760133022778 0.75077402626921041 0.11267687198102888 -2.1531335879054607 2.6489761596284755 1 CAMERA 1 85
86 1 0.98811839704040583 -0.09132221885297824 -0.057795351390481586 -0.10927938109139519 -0.33715575825124205 -1.9638226479553287 2.4674542382463334 1 CAMERA 1 86
87 1 0.61949275807860282 -0.11685431400906422 0.42194900431188787 0.65156183877345319 0.6059796638328887 -2.0162668856861226 2.5821501910613796 1 CAMERA 1 87
88 1 0.97567084707651475 -0.2057695757767907 0.041825259033695737 0.063054956636256682 -0.11303371574298895 -2.4584337368383125 3.0381855288897173 1 CAMERA 1 88
89 1 0.10296775148553683 -0.040062127820983895 0.68505347023316787 0.72006556020265411 0.32641190348187088 -2.3480624141555557 2.9088523926339369 1 CAMERA 1 89
90 1 0.15110501526586878 -0.07754022206499557 0.74903494826852812 0.6403916259570982 0.38489011480184376 -2.6505614744402139 3.4654320378113086 1 CAMERA 1 90
91 1 0.38147379520477404 -0.16517495287146744 0.65200634195626161 0.63409992001638782 0.56534141784298964 -2.5747437667084125 3.3714084126316886 1 CAMERA 1 91
92 1 -0.31865386896974424 0.13120321231944967 0.66001347205515537 0.66755347768801965 -0.21259994112612926 -2.3882452966455952 2.948376392101602 1 CAMERA 1 92
93 1 0.15679917797419979 -0.076616543939113158 0.73638178123610376 0.65367101453635246 0.38852297349511478 -2.6081325018358035 3.3720536930081222 1 CAMERA 1 93
94 1 0.65899666447151206 -0.19640905579948095 -0.45602029831876434 -0.5649711200907912 -0.55994532864250723 -2.2028097760921281 2.7746841401420657 1 CAMERA 1 94
95 1 0.7184802439131599 -0.35684732409937098 -0.44883927166022319 -0.39368697540701675 -0.60675165456703339 -2.7321911597890272 3.8138739491670939 1 CAMERA 1 95
96 1 0.85273545652791438 -0.42771914842671116 -0.22639753362643006 -0.19657753690879373 -0.49462907866002553 -2.835633850420463 4.21482242579504 1 CAMERA 1 96
97 1 0.46091539775981416 0.064483583665955885 0.22055422624503673 0.857178334321955 0.5861839500953735 -0.16797646690654122 1.7419726017088226 1 CAMERA 1 97
98 1 0.94439548362221815 0.10263599449749353 0.085175812896401595 0.30054634259112945 0.18239392108252855 -1.0604660116997151 1.8850347220225661 1 CAMERA 1 98
99 1 0.65126085676196954 -0.34997135080935787 -0.52078934681839251 -0.42679949191957939 -0.58557033519364343 -2.7540976689836709 3.8803246756147214 1 CAMERA 1 99
100 1 0.95013582531308816 -0.17972946879058338 0.13833895671333676 0.21401300091428402 0.10620164898435257 -2.3937543652187068 2.9412709711121021 1 CAMERA 1 100
